1 10 20
100 200 125
201 210 89
900 1000 174
10 1 20
200 100 125
210 201 89
1000 9000 262
1 999999 525
999999 1 525
1 1 1
999999 999999 259
1 500000 449
500000 1 449
500001 999999 525
999999 500001 525
1 100000 315
100000 1 315
100001 200000 383
200000 100001 383
200001 300000 443
300000 200001 443
300001 400000 441
400000 300001 441
400001 500000 449
500000 400001 449
500001 600000 470
600000 500001 470
600001 700000 509
700000 600001 509
700001 800000 504
800000 700001 504
800001 900000 525
900000 800001 525
999991 999999 259
999999 999991 259
111 222 125
222 111 125
222 333 144
333 222 144
333 444 134
444 333 134
444 555 142
555 444 142
555 666 145
666 555 145
666 777 171
777 666 171
777 888 179
888 777 179
888 999 174
999 888 174
1 111 119
111 1 119
1000 2000 182
2000 1000 182
2000 3000 217
3000 2000 217
3000 4000 238
4000 3000 238
4000 5000 215
5000 4000 215
5000 6000 236
6000 5000 236
6000 7000 262
7000 6000 262
7000 8000 252
8000 7000 252
8000 9000 247
9000 8000 247
9000 10000 260
10000 9000 260
20000 21000 256
21000 20000 256
35000 35001 81
35001 35000 81
43210 1234 324
1234 43210 324
66600 66666 206
66666 66660 206
69 420 144
420 69 144
42 42 9
314159 951413 525
951413 314159 525
112358 132134 349
132134 112358 349
777000 777 509
777 777000 509
999999 999999 259
800800 900900 525
900900 800800 525
12345 54321 340
54321 12345 340
74 234 128
234 74 128
980745 23847 525
23847 980745 525
100 100 26
666 666 114
6 6 9
